2.00000 4776.000
2.01947 4694.000
2.03893 4587.000
2.05840 4537.000
2.07787 4279.000
2.09734 4317.000
2.11680 4065.000
2.13627 4057.000
2.15574 3889.000
2.17520 3722.000
2.19467 3732.000
2.21414 3654.000
2.23360 3524.000
2.25307 3452.000
2.27254 3348.000
2.29201 3245.000
2.31147 3324.000
2.33094 3246.000
2.35041 3122.000
2.36987 3078.000
2.38934 3024.000
2.40881 2947.000
2.42827 2927.000
2.44774 2752.000
2.46721 2763.000
2.48668 2726.000
2.50614 2633.000
2.52561 2634.000
2.54508 2659.000
2.56454 2576.000
2.58401 2471.000
2.60348 2411.000
2.62294 2452.000
2.64241 2452.000
2.66188 2267.000
2.68135 2292.000
2.70081 2239.000
2.72028 2203.000
2.73975 2250.000
2.75921 2166.000
2.77868 2164.000
2.79815 2044.000
2.81761 2048.000
2.83708 2118.000
2.85655 1997.000
2.87602 2065.000
2.89548 1986.000
2.91495 1901.000
2.93442 1900.000
2.95388 1872.000
2.97335 1805.000
2.99282 1922.000
3.01228 1818.000
3.03175 1754.000
3.05122 1718.000
3.07069 1713.000
3.09015 1719.000
3.10962 1713.000
3.12909 1643.000
3.14855 1695.000
3.16802 1662.000
3.18749 1641.000
3.20695 1627.000
3.22642 1559.000
3.24589 1604.000
3.26536 1564.000
3.28482 1566.000
3.30429 1523.000
3.32376 1435.000
3.34322 1553.000
3.36269 1501.000
3.38216 1448.000
3.40162 1508.000
3.42109 1456.000
3.44056 1385.000
3.46003 1438.000
3.47949 1440.000
3.49896 1319.000
3.51843 1370.000
3.53789 1284.000
3.55736 1345.000
3.57683 1265.000
3.59629 1255.000
3.61576 1219.000
3.63523 1263.000
3.65470 1168.000
3.67416 1133.000
3.69363 1191.000
3.71310 1166.000
3.73256 1115.000
3.75203 1110.000
3.77150 1142.000
3.79096 1115.000
3.81043 1094.000
3.82990 1045.000
3.84937 1102.000
3.86883 1056.000
3.88830 1075.000
3.90777 1079.000
3.92723 1019.000
3.94670 1084.000
3.96617 988.000
3.98563 1070.000
4.00510 1030.000
4.02457 1045.000
4.04404 994.000
4.06350 1030.000
4.08297 958.000
4.10244 1015.000
4.12190 974.000
4.14137 1035.000
4.16084 994.000
4.18030 1002.000
4.19977 966.000
4.21924 969.000
4.23871 988.000
4.25817 1041.000
4.27764 1015.000
4.29711 935.000
4.31657 977.000
4.33604 918.000
4.35551 950.000
4.37497 906.000
4.39444 922.000
4.41391 960.000
4.43338 942.000
4.45284 969.000
4.47231 952.000
4.49178 906.000
4.51124 949.000
4.53071 936.000
4.55018 889.000
4.56964 860.000
4.58911 921.000
4.60858 945.000
4.62805 921.000
4.64751 962.000
4.66698 917.000
4.68645 925.000
4.70591 970.000
4.72538 949.000
4.74485 947.000
4.76431 988.000
4.78378 994.000
4.80325 977.000
4.82272 1016.000
4.84218 958.000
4.86165 1033.000
4.88112 1062.000
4.90058 1028.000
4.92005 1092.000
4.93952 1023.000
4.95898 1006.000
4.97845 1037.000
4.99792 993.000
5.01739 1001.000
5.03685 942.000
5.05632 941.000
5.07579 1015.000
5.09525 1013.000
5.11472 993.000
5.13419 1056.000
5.15365 1022.000
5.17312 1039.000
5.19259 1108.000
5.21206 1121.000
5.23152 1049.000
5.25099 1073.000
5.27046 1194.000
5.28992 1198.000
5.30939 1311.000
5.32886 1374.000
5.34832 1463.000
5.36779 1540.000
5.38726 1614.000
5.40673 1660.000
5.42619 1926.000
5.44566 2048.000
5.46513 2248.000
5.48459 2499.000
5.50406 2864.000
5.52353 3128.000
5.54299 3621.000
5.56246 3982.000
5.58193 4456.000
5.60140 5397.000
5.62086 6271.000
5.64033 7261.000
5.65980 7946.000
5.67926 8328.000
5.69873 8095.000
5.71820 6939.000
5.73766 5317.000
5.75713 3701.000
5.77660 2548.000
5.79607 2008.000
5.81553 1605.000
5.83500 1389.000
5.85447 1291.000
5.87393 1219.000
5.89340 988.000
5.91287 967.000
5.93233 945.000
5.95180 854.000
5.97127 849.000
5.99074 846.000
6.01020 775.000
6.02967 746.000
6.04914 785.000
6.06860 736.000
6.08807 693.000
6.10754 713.000
6.12700 709.000
6.14647 700.000
6.16594 719.000
6.18541 697.000
6.20487 715.000
6.22434 696.000
6.24381 679.000
6.26327 661.000
6.28274 643.000
6.30221 676.000
6.32167 687.000
6.34114 676.000
6.36061 635.000
6.38008 714.000
6.39954 652.000
6.41901 628.000
6.43848 635.000
6.45794 579.000
6.47741 682.000
6.49688 620.000
6.51634 650.000
6.53581 647.000
6.55528 596.000
6.57475 582.000
6.59421 614.000
6.61368 638.000
6.63315 639.000
6.65261 636.000
6.67208 613.000
6.69155 585.000
6.71101 597.000
6.73048 619.000
6.74995 633.000
6.76942 572.000
6.78888 555.000
6.80835 595.000
6.82782 638.000
6.84728 588.000
6.86675 646.000
6.88622 595.000
6.90568 606.000
6.92515 595.000
6.94462 569.000
6.96409 582.000
6.98355 621.000
7.00302 607.000
7.02249 551.000
7.04195 567.000
7.06142 599.000
7.08089 594.000
7.10035 614.000
7.11982 618.000
7.13929 564.000
7.15876 562.000
7.17822 547.000
7.19769 594.000
7.21716 629.000
7.23662 619.000
7.25609 604.000
7.27556 630.000
7.29502 578.000
7.31449 584.000
7.33396 581.000
7.35343 554.000
7.37289 632.000
7.39236 571.000
7.41183 598.000
7.43129 587.000
7.45076 596.000
7.47023 610.000
7.48969 657.000
7.50916 556.000
7.52863 662.000
7.54810 650.000
7.56756 619.000
7.58703 658.000
7.60650 723.000
7.62596 712.000
7.64543 740.000
7.66490 693.000
7.68436 824.000
7.70383 866.000
7.72330 959.000
7.74277 973.000
7.76223 1048.000
7.78170 1174.000
7.80117 1275.000
7.82063 1353.000
7.84010 1590.000
7.85957 1748.000
7.87903 2003.000
7.89850 2183.000
7.91797 2397.000
7.93744 2485.000
7.95690 2626.000
7.97637 2525.000
7.99584 2539.000
8.01530 2330.000
8.03477 2243.000
8.05424 1978.000
8.07370 1702.000
8.09317 1417.000
8.11264 1199.000
8.13211 1117.000
8.15157 1014.000
8.17104 899.000
8.19051 860.000
8.20997 808.000
8.22944 722.000
8.24891 699.000
8.26837 693.000
8.28784 714.000
8.30731 668.000
8.32678 624.000
8.34624 625.000
8.36571 645.000
8.38518 609.000
8.40464 607.000
8.42411 579.000
8.44358 551.000
8.46304 596.000
8.48251 575.000
8.50198 539.000
8.52145 538.000
8.54091 580.000
8.56038 538.000
8.57985 548.000
8.59931 538.000
8.61878 555.000
8.63825 559.000
8.65771 538.000
8.67718 562.000
8.69665 562.000
8.71612 473.000
8.73558 526.000
8.75505 552.000
8.77452 541.000
8.79398 513.000
8.81345 529.000
8.83292 574.000
8.85238 555.000
8.87185 535.000
8.89132 511.000
8.91079 492.000
8.93025 534.000
8.94972 550.000
8.96919 514.000
8.98865 558.000
9.00812 556.000
9.02759 539.000
9.04705 552.000
9.06652 580.000
9.08599 533.000
9.10546 556.000
9.12492 511.000
9.14439 571.000
9.16386 544.000
9.18332 605.000
9.20279 551.000
9.22226 639.000
9.24172 635.000
9.26119 672.000
9.28066 690.000
9.30013 725.000
9.31959 791.000
9.33906 813.000
9.35853 889.000
9.37799 893.000
9.39746 928.000
9.41693 961.000
9.43639 990.000
9.45586 952.000
9.47533 896.000
9.49480 884.000
9.51426 791.000
9.53373 770.000
9.55320 685.000
9.57266 684.000
9.59213 577.000
9.61160 595.000
9.63106 608.000
9.65053 600.000
9.67000 600.000
9.68947 583.000
9.70893 566.000
9.72840 573.000
9.74787 569.000
9.76733 574.000
9.78680 577.000
9.80627 544.000
9.82573 581.000
9.84520 524.000
9.86467 585.000
9.88414 584.000
9.90360 498.000
9.92307 569.000
9.94254 528.000
9.96200 556.000
9.98147 554.000
10.00094 535.000
10.02040 523.000
10.03987 508.000
10.05934 519.000
10.07881 522.000
10.09827 490.000
10.11774 540.000
10.13721 525.000
10.15667 513.000
10.17614 505.000
10.19561 522.000
10.21507 552.000
10.23454 497.000
10.25401 495.000
10.27348 530.000
10.29294 558.000
10.31241 506.000
10.33188 530.000
10.35134 515.000
10.37081 518.000
10.39028 504.000
10.40974 516.000
10.42921 504.000
10.44868 498.000
10.46815 518.000
10.48761 497.000
10.50708 488.000
10.52655 521.000
10.54601 522.000
10.56548 482.000
10.58495 511.000
10.60441 503.000
10.62388 526.000
10.64335 513.000
10.66282 528.000
10.68228 523.000
10.70175 494.000
10.72122 516.000
10.74068 526.000
10.76015 575.000
10.77962 505.000
10.79908 543.000
10.81855 532.000
10.83802 489.000
10.85749 530.000
10.87695 537.000
10.89642 492.000
10.91589 506.000
10.93535 513.000
10.95482 533.000
10.97429 552.000
10.99375 536.000
11.01322 498.000
11.03269 548.000
11.05216 542.000
11.07162 516.000
11.09109 594.000
11.11056 495.000
11.13002 518.000
11.14949 530.000
11.16896 540.000
11.18842 556.000
11.20789 590.000
11.22736 523.000
11.24683 590.000
11.26629 599.000
11.28576 607.000
11.30523 662.000
11.32469 666.000
11.34416 725.000
11.36363 747.000
11.38309 753.000
11.40256 807.000
11.42203 801.000
11.44150 759.000
11.46096 740.000
11.48043 712.000
11.49990 671.000
11.51936 648.000
11.53883 580.000
11.55830 543.000
11.57776 607.000
11.59723 575.000
11.61670 556.000
11.63617 537.000
11.65563 513.000
11.67510 527.000
11.69457 522.000
11.71403 477.000
11.73350 530.000
11.75297 523.000
11.77243 547.000
11.79190 529.000
11.81137 518.000
11.83084 484.000
11.85030 493.000
11.86977 513.000
11.88924 469.000
11.90870 539.000
11.92817 554.000
11.94764 509.000
11.96710 526.000
11.98657 509.000
12.00604 513.000
12.02551 501.000
12.04497 538.000
12.06444 508.000
12.08391 538.000
12.10337 488.000
12.12284 528.000
12.14231 530.000
12.16177 549.000
12.18124 551.000
12.20071 578.000
12.22018 635.000
12.23964 605.000
12.25911 568.000
12.27858 646.000
12.29804 657.000
12.31751 669.000
12.33698 735.000
12.35644 714.000
12.37591 730.000
12.39538 703.000
12.41485 754.000
12.43431 757.000
12.45378 733.000
12.47325 660.000
12.49271 636.000
12.51218 624.000
12.53165 655.000
12.55111 636.000
12.57058 623.000
12.59005 624.000
12.60952 599.000
12.62898 602.000
12.64845 581.000
12.66792 638.000
12.68738 693.000
12.70685 699.000
12.72632 669.000
12.74578 717.000
12.76525 661.000
12.78472 640.000
12.80419 695.000
12.82365 690.000
12.84312 652.000
12.86259 657.000
12.88205 703.000
12.90152 682.000
12.92099 728.000
12.94045 735.000
12.95992 634.000
12.97939 646.000
12.99886 642.000
13.01832 692.000
13.03779 607.000
13.05726 609.000
13.07672 557.000
13.09619 533.000
13.11566 546.000
13.13512 573.000
13.15459 560.000
13.17406 510.000
13.19353 530.000
13.21299 583.000
13.23246 524.000
13.25193 496.000
13.27139 535.000
13.29086 500.000
13.31033 562.000
13.32979 506.000
13.34926 509.000
13.36873 567.000
13.38820 512.000
13.40766 520.000
13.42713 495.000
13.44660 534.000
13.46606 509.000
13.48553 491.000
13.50500 533.000
13.52446 521.000
13.54393 492.000
13.56340 497.000
13.58287 477.000
13.60233 519.000
13.62180 505.000
13.64127 544.000
13.66073 566.000
13.68020 525.000
13.69967 539.000
13.71913 586.000
13.73860 516.000
13.75807 559.000
13.77754 536.000
13.79700 584.000
13.81647 585.000
13.83594 599.000
13.85540 583.000
13.87487 588.000
13.89434 593.000
13.91380 574.000
13.93327 569.000
13.95274 568.000
13.97221 560.000
13.99167 541.000
14.01114 590.000
14.03061 557.000
14.05007 567.000
14.06954 580.000
14.08901 517.000
14.10847 515.000
14.12794 487.000
14.14741 511.000
14.16688 544.000
14.18634 543.000
14.20581 493.000
14.22528 513.000
14.24474 522.000
14.26421 519.000
14.28368 523.000
14.30314 519.000
14.32261 526.000
14.34208 546.000
14.36155 526.000
14.38101 502.000
14.40048 524.000
14.41995 533.000
14.43941 533.000
14.45888 585.000
14.47835 574.000
14.49781 582.000
14.51728 591.000
14.53675 630.000
14.55622 606.000
14.57568 653.000
14.59515 729.000
14.61462 704.000
14.63408 713.000
14.65355 764.000
14.67302 852.000
14.69248 986.000
14.71195 918.000
14.73142 900.000
14.75089 955.000
14.77035 960.000
14.78982 939.000
14.80929 844.000
14.82875 837.000
14.84822 836.000
14.86769 751.000
14.88715 706.000
14.90662 671.000
14.92609 713.000
14.94556 674.000
14.96502 627.000
14.98449 581.000
15.00396 626.000
15.02342 588.000
15.04289 519.000
15.06236 626.000
15.08182 589.000
15.10129 587.000
15.12076 595.000
15.14023 646.000
15.15969 584.000
15.17916 559.000
15.19863 609.000
15.21809 602.000
15.23756 567.000
15.25703 623.000
15.27649 596.000
15.29596 587.000
15.31543 552.000
15.33490 614.000
15.35436 599.000
15.37383 597.000
15.39330 564.000
15.41276 586.000
15.43223 599.000
15.45170 576.000
15.47116 535.000
15.49063 581.000
15.51010 558.000
15.52957 551.000
15.54903 516.000
15.56850 515.000
15.58797 523.000
15.60743 525.000
15.62690 532.000
15.64637 545.000
15.66583 545.000
15.68530 499.000
15.70477 549.000
15.72424 564.000
15.74370 582.000
15.76317 602.000
15.78264 574.000
15.80210 560.000
15.82157 638.000
15.84104 629.000
15.86050 627.000
15.87997 670.000
15.89944 663.000
15.91891 714.000
15.93837 744.000
15.95784 765.000
15.97731 741.000
15.99677 716.000
16.01624 683.000
16.03571 713.000
16.05517 661.000
16.07464 719.000
16.09411 760.000
16.11358 693.000
16.13304 693.000
16.15251 660.000
16.17198 682.000
16.19144 662.000
16.21091 631.000
16.23038 646.000
16.24984 646.000
16.26931 602.000
16.28878 625.000
16.30825 622.000
16.32771 567.000
16.34718 611.000
16.36665 626.000
16.38611 579.000
16.40558 624.000
16.42505 597.000
16.44451 596.000
16.46398 570.000
16.48345 626.000
16.50292 603.000
16.52238 582.000
16.54185 642.000
16.56132 647.000
16.58078 605.000
16.60025 602.000
16.61972 567.000
16.63918 551.000
16.65865 620.000
16.67812 649.000
16.69759 634.000
16.71705 620.000
16.73652 648.000
16.75599 693.000
16.77545 644.000
16.79492 688.000
16.81439 678.000
16.83385 645.000
16.85332 675.000
16.87279 701.000
16.89226 674.000
16.91172 654.000
16.93119 681.000
16.95066 622.000
16.97012 632.000
16.98959 606.000
17.00906 610.000
17.02852 628.000
17.04799 650.000
17.06746 643.000
17.08693 613.000
17.10639 622.000
17.12586 656.000
17.14533 664.000
17.16479 641.000
17.18426 683.000
17.20373 665.000
17.22319 642.000
17.24266 644.000
17.26213 643.000
17.28160 620.000
17.30106 608.000
17.32053 606.000
17.34000 609.000
17.35946 596.000
17.37893 637.000
17.39840 540.000
17.41786 567.000
17.43733 596.000
17.45680 562.000
17.47627 581.000
17.49573 631.000
17.51520 553.000
17.53467 549.000
17.55413 543.000
17.57360 595.000
17.59307 647.000
17.61253 591.000
17.63200 588.000
17.65147 557.000
17.67094 562.000
17.69040 559.000
17.70987 616.000
17.72934 530.000
17.74880 569.000
17.76827 551.000
17.78774 534.000
17.80720 543.000
17.82667 526.000
17.84614 570.000
17.86561 549.000
17.88507 581.000
17.90454 603.000
17.92401 567.000
17.94347 596.000
17.96294 571.000
17.98241 576.000
18.00187 560.000
18.02134 575.000
18.04081 553.000
18.06028 580.000
18.07974 533.000
18.09921 549.000
18.11868 559.000
18.13814 563.000
18.15761 589.000
18.17708 567.000
18.19654 594.000
18.21601 580.000
18.23548 620.000
18.25495 567.000
18.27441 587.000
18.29388 569.000
18.31335 583.000
18.33281 562.000
18.35228 566.000
18.37175 534.000
18.39121 607.000
18.41068 582.000
18.43015 580.000
18.44962 578.000
18.46908 634.000
18.48855 564.000
18.50802 563.000
18.52748 608.000
18.54695 603.000
18.56642 635.000
18.58588 618.000
18.60535 621.000
18.62482 669.000
18.64429 621.000
18.66375 665.000
18.68322 667.000
18.70269 640.000
18.72215 668.000
18.74162 675.000
18.76109 622.000
18.78055 680.000
18.80002 697.000
18.81949 662.000
18.83896 696.000
18.85842 651.000
18.87789 678.000
18.89736 663.000
18.91682 635.000
18.93629 684.000
18.95576 698.000
18.97522 669.000
18.99469 689.000
19.01416 620.000
19.03363 649.000
19.05309 647.000
19.07256 647.000
19.09203 620.000
19.11149 638.000
19.13096 629.000
19.15043 605.000
19.16989 633.000
19.18936 556.000
19.20883 619.000
19.22830 599.000
19.24776 627.000
19.26723 616.000
19.28670 641.000
19.30616 659.000
19.32563 683.000
19.34510 585.000
19.36456 663.000
19.38403 638.000
19.40350 616.000
19.42297 616.000
19.44243 602.000
19.46190 626.000
19.48137 619.000
19.50083 627.000
19.52030 616.000
19.53977 670.000
19.55923 615.000
19.57870 631.000
19.59817 640.000
19.61764 638.000
19.63710 542.000
19.65657 609.000
19.67604 589.000
19.69550 631.000
19.71497 591.000
19.73444 598.000
19.75390 585.000
19.77337 653.000
19.79284 650.000
19.81231 629.000
19.83177 569.000
19.85124 605.000
19.87071 594.000
19.89017 605.000
19.90964 648.000
19.92911 584.000
19.94857 620.000
19.96804 607.000
19.98751 670.000
20.00698 637.000
20.02644 651.000
20.04591 617.000
20.06538 642.000
20.08484 622.000
20.10431 652.000
20.12378 598.000
20.14324 618.000
20.16271 671.000
20.18218 666.000
20.20165 600.000
20.22111 639.000
20.24058 660.000
20.26005 639.000
20.27951 665.000
20.29898 611.000
20.31845 661.000
20.33791 670.000
20.35738 632.000
20.37685 696.000
20.39632 703.000
20.41578 673.000
20.43525 764.000
20.45472 694.000
20.47418 694.000
20.49365 660.000
20.51312 717.000
20.53258 708.000
20.55205 737.000
20.57152 706.000
20.59099 683.000
20.61045 699.000
20.62992 750.000
20.64939 750.000
20.66885 677.000
20.68832 696.000
20.70779 675.000
20.72725 729.000
20.74672 668.000
20.76619 713.000
20.78566 636.000
20.80512 631.000
20.82459 660.000
20.84406 684.000
20.86352 677.000
20.88299 652.000
20.90246 660.000
20.92192 643.000
20.94139 605.000
20.96086 595.000
20.98033 615.000
20.99979 639.000
21.01926 648.000
21.03873 687.000
21.05819 631.000
21.07766 633.000
21.09713 656.000
21.11659 621.000
21.13606 611.000
21.15553 642.000
21.17500 645.000
21.19446 613.000
21.21393 636.000
21.23340 621.000
21.25286 657.000
21.27233 602.000
21.29180 659.000
21.31126 655.000
21.33073 639.000
21.35020 622.000
21.36967 648.000
21.38913 658.000
21.40860 674.000
21.42807 692.000
21.44753 688.000
21.46700 633.000
21.48647 609.000
21.50593 618.000
21.52540 652.000
21.54487 677.000
21.56434 650.000
21.58380 632.000
21.60327 677.000
21.62274 664.000
21.64220 661.000
21.66167 624.000
21.68114 690.000
21.70060 677.000
21.72007 643.000
21.73954 662.000
21.75901 713.000
21.77847 666.000
21.79794 665.000
21.81741 666.000
21.83687 655.000
21.85634 664.000
21.87581 669.000
21.89527 666.000
21.91474 648.000
21.93421 720.000
21.95368 643.000
21.97314 651.000
21.99261 700.000
22.01208 643.000
22.03154 672.000
22.05101 652.000
22.07048 657.000
22.08994 689.000
22.10941 693.000
22.12888 632.000
22.14835 609.000
22.16781 608.000
22.18728 601.000
22.20675 598.000
22.22621 619.000
22.24568 611.000
22.26515 656.000
22.28461 627.000
22.30408 646.000
22.32355 608.000
22.34302 638.000
22.36248 621.000
22.38195 602.000
22.40142 598.000
22.42088 654.000
22.44035 589.000
22.45982 593.000
22.47928 584.000
22.49875 612.000
22.51822 626.000
22.53769 590.000
22.55715 626.000
22.57662 632.000
22.59609 601.000
22.61555 613.000
22.63502 621.000
22.65449 668.000
22.67395 599.000
22.69342 612.000
22.71289 599.000
22.73236 619.000
22.75182 575.000
22.77129 587.000
22.79076 607.000
22.81022 656.000
22.82969 622.000
22.84916 635.000
22.86862 599.000
22.88809 642.000
22.90756 616.000
22.92703 626.000
22.94649 621.000
22.96596 657.000
22.98543 645.000
23.00489 593.000
23.02436 630.000
23.04383 633.000
23.06329 629.000
23.08276 623.000
23.10223 600.000
23.12170 576.000
23.14116 588.000
23.16063 614.000
23.18010 579.000
23.19956 641.000
23.21903 635.000
23.23850 703.000
23.25796 613.000
23.27743 617.000
23.29690 608.000
23.31637 591.000
23.33583 609.000
23.35530 622.000
23.37477 657.000
23.39423 646.000
23.41370 642.000
23.43317 636.000
23.45263 606.000
23.47210 678.000
23.49157 604.000
23.51104 625.000
23.53050 617.000
23.54997 642.000
23.56944 602.000
23.58890 647.000
23.60837 596.000
23.62784 594.000
23.64730 617.000
23.66677 637.000
23.68624 605.000
23.70571 603.000
23.72517 674.000
23.74464 647.000
23.76411 668.000
23.78357 613.000
23.80304 569.000
23.82251 651.000
23.84197 643.000
23.86144 611.000
23.88091 618.000
23.90038 684.000
23.91984 603.000
23.93931 618.000
23.95878 661.000
23.97824 655.000
23.99771 624.000
24.01718 635.000
24.03664 671.000
24.05611 642.000
24.07558 686.000
24.09505 710.000
24.11451 620.000
24.13398 687.000
24.15345 647.000
24.17291 683.000
24.19238 663.000
24.21185 615.000
24.23131 624.000
24.25078 601.000
24.27025 647.000
24.28972 654.000
24.30918 647.000
24.32865 664.000
24.34812 644.000
24.36758 649.000
24.38705 635.000
24.40652 637.000
24.42598 669.000
24.44545 624.000
24.46492 654.000
24.48439 639.000
24.50385 641.000
24.52332 717.000
24.54279 635.000
24.56225 629.000
24.58172 635.000
24.60119 650.000
24.62065 665.000
24.64012 635.000
24.65959 643.000
24.67906 623.000
24.69852 665.000
24.71799 628.000
24.73746 612.000
24.75692 681.000
24.77639 610.000
24.79586 694.000
24.81532 653.000
24.83479 629.000
24.85426 638.000
24.87373 636.000
24.89319 605.000
24.91266 636.000
24.93213 612.000
24.95159 644.000
24.97106 605.000
24.99053 600.000
25.00999 559.000
25.02946 581.000
25.04893 568.000
25.06840 581.000
25.08786 594.000
25.10733 584.000
25.12680 622.000
25.14626 614.000
25.16573 568.000
25.18520 545.000
25.20466 559.000
25.22413 590.000
25.24360 598.000
25.26307 564.000
25.28253 539.000
25.30200 579.000
25.32147 557.000
25.34093 591.000
25.36040 555.000
25.37987 569.000
25.39933 565.000
25.41880 625.000
25.43827 571.000
25.45774 545.000
25.47720 608.000
25.49667 567.000
25.51614 568.000
25.53560 550.000
25.55507 548.000
25.57454 600.000
25.59400 598.000
25.61347 609.000
25.63294 524.000
25.65241 554.000
25.67187 594.000
25.69134 561.000
25.71081 549.000
25.73027 569.000
25.74974 550.000
25.76921 564.000
25.78867 537.000
25.80814 576.000
25.82761 544.000
25.84708 591.000
25.86654 547.000
25.88601 532.000
25.90548 543.000
25.92494 554.000
25.94441 548.000
25.96388 562.000
25.98334 539.000
26.00281 562.000
26.02228 560.000
26.04175 567.000
26.06121 586.000
26.08068 581.000
26.10015 553.000
26.11961 563.000
26.13908 529.000
26.15855 565.000
26.17801 572.000
26.19748 603.000
26.21695 543.000
26.23642 582.000
26.25588 603.000
26.27535 526.000
26.29482 586.000
26.31428 554.000
26.33375 576.000
26.35322 532.000
26.37268 557.000
26.39215 542.000
26.41162 504.000
26.43109 560.000
26.45055 512.000
26.47002 519.000
26.48949 528.000
26.50895 580.000
26.52842 540.000
26.54789 595.000
26.56735 573.000
26.58682 519.000
26.60629 548.000
26.62576 554.000
26.64522 513.000
26.66469 515.000
26.68416 560.000
26.70362 556.000
26.72309 525.000
26.74256 534.000
26.76202 501.000
26.78149 538.000
26.80096 564.000
26.82043 516.000
26.83989 569.000
26.85936 492.000
26.87883 543.000
26.89829 521.000
26.91776 526.000
26.93723 491.000
26.95669 554.000
26.97616 544.000
26.99563 529.000
27.01510 553.000
27.03456 537.000
27.05403 529.000
27.07350 513.000
27.09296 541.000
27.11243 546.000
27.13190 564.000
27.15136 547.000
27.17083 540.000
27.19030 533.000
27.20977 565.000
27.22923 546.000
27.24870 468.000
27.26817 541.000
27.28763 556.000
27.30710 544.000
27.32657 548.000
27.34603 536.000
27.36550 497.000
27.38497 555.000
27.40444 534.000
27.42390 541.000
27.44337 513.000
27.46284 474.000
27.48230 523.000
27.50177 534.000
27.52124 500.000
27.54070 483.000
27.56017 516.000
27.57964 527.000
27.59911 512.000
27.61857 531.000
27.63804 539.000
27.65751 517.000
27.67697 504.000
27.69644 543.000
27.71591 514.000
27.73537 482.000
27.75484 488.000
27.77431 495.000
27.79378 531.000
27.81324 501.000
27.83271 524.000
27.85218 530.000
27.87164 565.000
27.89111 484.000
27.91058 538.000
27.93004 512.000
27.94951 509.000
27.96898 538.000
27.98845 483.000
28.00791 500.000
28.02738 517.000
28.04685 516.000
28.06631 518.000
28.08578 506.000
28.10525 496.000
28.12471 521.000
28.14418 553.000
28.16365 520.000
28.18312 491.000
28.20258 483.000
28.22205 579.000
28.24152 516.000
28.26098 532.000
28.28045 531.000
28.29992 576.000
28.31938 498.000
28.33885 550.000
28.35832 552.000
28.37779 578.000
28.39725 544.000
28.41672 542.000
28.43619 502.000
28.45565 524.000
28.47512 503.000
28.49459 552.000
28.51405 559.000
28.53352 533.000
28.55299 543.000
28.57246 560.000
28.59192 501.000
28.61139 562.000
28.63086 505.000
28.65032 556.000
28.66979 553.000
28.68926 549.000
28.70872 525.000
28.72819 572.000
28.74766 543.000
28.76713 547.000
28.78659 568.000
28.80606 588.000
28.82553 550.000
28.84499 570.000
28.86446 519.000
28.88393 565.000
28.90339 542.000
28.92286 525.000
28.94233 569.000
28.96180 512.000
28.98126 558.000
29.00073 591.000
29.02020 541.000
29.03966 534.000
29.05913 572.000
29.07860 566.000
29.09806 582.000
29.11753 535.000
29.13700 581.000
29.15647 557.000
29.17593 543.000
29.19540 548.000
29.21487 536.000
29.23433 569.000
29.25380 563.000
29.27327 566.000
29.29273 549.000
29.31220 561.000
29.33167 591.000
29.35114 610.000
29.37060 572.000
29.39007 604.000
29.40954 619.000
29.42900 574.000
29.44847 558.000
29.46794 529.000
29.48740 587.000
29.50687 557.000
29.52634 541.000
29.54581 550.000
29.56527 569.000
29.58474 543.000
29.60421 522.000
29.62367 558.000
29.64314 585.000
29.66261 563.000
29.68207 572.000
29.70154 529.000
29.72101 577.000
29.74048 529.000
29.75994 514.000
29.77941 561.000
29.79888 573.000
29.81834 493.000
29.83781 510.000
29.85728 575.000
29.87674 541.000
29.89621 531.000
29.91568 511.000
29.93515 545.000
29.95461 516.000
29.97408 563.000
29.99355 523.000
30.01301 525.000
30.03248 491.000
30.05195 511.000
30.07141 529.000
30.09088 494.000
30.11035 524.000
30.12982 471.000
30.14928 529.000
30.16875 514.000
30.18822 523.000
30.20768 481.000
30.22715 497.000
30.24662 513.000
30.26608 489.000
30.28555 542.000
30.30502 507.000
30.32449 499.000
30.34395 565.000
30.36342 508.000
30.38289 498.000
30.40235 525.000
30.42182 513.000
30.44129 487.000
30.46075 505.000
30.48022 537.000
30.49969 504.000
30.51916 491.000
30.53862 540.000
30.55809 492.000
30.57756 500.000
30.59702 505.000
30.61649 539.000
30.63596 498.000
30.65542 485.000
30.67489 486.000
30.69436 523.000
30.71383 505.000
30.73329 467.000
30.75276 503.000
30.77223 483.000
30.79169 511.000
30.81116 493.000
30.83063 489.000
30.85009 480.000
30.86956 523.000
30.88903 491.000
30.90850 488.000
30.92796 489.000
30.94743 489.000
30.96690 483.000
30.98636 513.000
31.00583 519.000
31.02530 523.000
31.04476 535.000
31.06423 494.000
31.08370 512.000
31.10317 495.000
31.12263 542.000
31.14210 505.000
31.16157 485.000
31.18103 467.000
31.20050 512.000
31.21997 505.000
31.23943 506.000
31.25890 515.000
31.27837 514.000
31.29784 487.000
31.31730 529.000
31.33677 476.000
31.35624 504.000
31.37570 480.000
31.39517 505.000
31.41464 495.000
31.43410 491.000
31.45357 530.000
31.47304 496.000
31.49251 518.000
31.51197 534.000
31.53144 463.000
31.55091 471.000
31.57037 539.000
31.58984 482.000
31.60931 508.000
31.62877 474.000
31.64824 524.000
31.66771 451.000
31.68718 531.000
31.70664 489.000
31.72611 533.000
31.74558 483.000
31.76504 511.000
31.78451 470.000
31.80398 530.000
31.82344 478.000
31.84291 518.000
31.86238 562.000
31.88185 547.000
31.90131 497.000
31.92078 484.000
31.94025 487.000
31.95971 528.000
31.97918 519.000
31.99865 498.000
32.01811 438.000
32.03758 531.000
32.05705 514.000
32.07652 485.000
32.09598 503.000
32.11545 499.000
32.13492 495.000
32.15438 488.000
32.17385 501.000
32.19332 528.000
32.21278 546.000
32.23225 523.000
32.25172 525.000
32.27119 530.000
32.29065 569.000
32.31012 482.000
32.32959 543.000
32.34905 497.000
32.36852 523.000
32.38799 536.000
32.40745 525.000
32.42692 486.000
32.44639 473.000
32.46586 492.000
32.48532 521.000
32.50479 500.000
32.52426 489.000
32.54372 506.000
32.56319 541.000
32.58266 540.000
32.60212 536.000
32.62159 528.000
32.64106 530.000
32.66053 542.000
32.67999 539.000
32.69946 529.000
32.71893 558.000
32.73839 542.000
32.75786 490.000
32.77733 485.000
32.79679 510.000
32.81626 511.000
32.83573 506.000
32.85520 527.000
32.87466 565.000
32.89413 511.000
32.91360 496.000
32.93306 503.000
32.95253 493.000
32.97200 474.000
32.99146 548.000
33.01093 535.000
33.03040 518.000
33.04987 544.000
33.06933 506.000
33.08880 552.000
33.10827 498.000
33.12773 528.000
33.14720 549.000
33.16667 499.000
33.18613 482.000
33.20560 529.000
33.22507 473.000
33.24454 483.000
33.26400 486.000
33.28347 510.000
33.30294 445.000
33.32240 506.000
33.34187 492.000
33.36134 509.000
33.38080 476.000
33.40027 528.000
33.41974 465.000
33.43921 517.000
33.45867 481.000
33.47814 537.000
33.49761 546.000
33.51707 540.000
33.53654 526.000
33.55601 533.000
33.57547 515.000
33.59494 502.000
33.61441 497.000
33.63388 513.000
33.65334 547.000
33.67281 496.000
33.69228 467.000
33.71174 499.000
33.73121 511.000
33.75068 506.000
33.77014 492.000
33.78961 524.000
33.80908 528.000
33.82855 524.000
33.84801 468.000
33.86748 504.000
33.88695 543.000
33.90641 482.000
33.92588 475.000
33.94535 569.000
33.96481 505.000
33.98428 503.000
34.00375 478.000
34.02322 504.000
34.04268 524.000
34.06215 492.000
34.08162 470.000
34.10108 495.000
34.12055 529.000
34.14002 505.000
34.15948 517.000
34.17895 491.000
34.19842 471.000
34.21789 529.000
34.23735 487.000
34.25682 519.000
34.27629 502.000
34.29575 495.000
34.31522 499.000
34.33469 457.000
34.35415 482.000
34.37362 502.000
34.39309 538.000
34.41256 500.000
34.43202 512.000
34.45149 459.000
34.47096 515.000
34.49042 496.000
34.50989 506.000
34.52936 538.000
34.54882 528.000
34.56829 482.000
34.58776 506.000
34.60723 502.000
34.62669 484.000
34.64616 517.000
34.66563 471.000
34.68509 492.000
34.70456 474.000
34.72403 491.000
34.74349 493.000
34.76296 474.000
34.78243 496.000
34.80190 461.000
34.82136 532.000
34.84083 486.000
34.86030 476.000
34.87976 489.000
34.89923 491.000
34.91870 490.000
34.93816 486.000
34.95763 507.000
34.97710 470.000
34.99657 455.000
35.01603 463.000
35.03550 464.000
35.05497 517.000
35.07443 509.000
35.09390 477.000
35.11337 489.000
35.13283 472.000
35.15230 475.000
35.17177 492.000
35.19124 488.000
35.21070 471.000
35.23017 515.000
35.24964 487.000
35.26910 500.000
35.28857 493.000
35.30804 491.000
35.32750 513.000
35.34697 497.000
35.36644 488.000
35.38591 483.000
35.40537 482.000
35.42484 529.000
35.44431 471.000
35.46377 505.000
35.48324 520.000
35.50271 555.000
35.52217 540.000
35.54164 503.000
35.56111 503.000
35.58058 501.000
35.60004 530.000
35.61951 536.000
35.63898 488.000
35.65844 563.000
35.67791 534.000
35.69738 515.000
35.71684 511.000
35.73631 511.000
35.75578 529.000
35.77525 565.000
35.79471 551.000
35.81418 573.000
35.83365 498.000
35.85311 509.000
35.87258 554.000
35.89205 504.000
35.91151 488.000
35.93098 535.000
35.95045 521.000
35.96992 473.000
35.98938 540.000
36.00885 511.000
36.02832 527.000
36.04778 484.000
36.06725 528.000
36.08672 491.000
36.10618 503.000
36.12565 510.000
36.14512 511.000
36.16459 564.000
36.18405 522.000
36.20352 488.000
36.22299 435.000
36.24245 508.000
36.26192 476.000
36.28139 514.000
36.30085 487.000
36.32032 469.000
36.33979 462.000
36.35926 499.000
36.37872 523.000
36.39819 473.000
36.41766 492.000
36.43712 465.000
36.45659 529.000
36.47606 503.000
36.49552 492.000
36.51499 534.000
36.53446 508.000
36.55393 469.000
36.57339 463.000
36.59286 519.000
36.61233 498.000
36.63179 493.000
36.65126 507.000
36.67073 493.000
36.69019 480.000
36.70966 496.000
36.72913 478.000
36.74860 514.000
36.76806 505.000
36.78753 505.000
36.80700 486.000
36.82646 485.000
36.84593 507.000
36.86540 526.000
36.88486 523.000
36.90433 521.000
36.92380 550.000
36.94327 508.000
36.96273 582.000
36.98220 502.000
37.00167 516.000
37.02113 539.000
37.04060 530.000
37.06007 488.000
37.07953 553.000
37.09900 477.000
37.11847 539.000
37.13794 519.000
37.15740 516.000
37.17687 519.000
37.19634 538.000
37.21580 538.000
37.23527 571.000
37.25474 508.000
37.27420 529.000
37.29367 481.000
37.31314 476.000
37.33261 478.000
37.35207 501.000
37.37154 545.000
37.39101 536.000
37.41047 519.000
37.42994 488.000
37.44941 499.000
37.46887 480.000
37.48834 512.000
37.50781 541.000
37.52728 501.000
37.54674 514.000
37.56621 525.000
37.58568 506.000
37.60514 516.000
37.62461 466.000
37.64408 493.000
37.66354 507.000
37.68301 475.000
37.70248 519.000
37.72195 527.000
37.74141 513.000
37.76088 514.000
37.78035 479.000
37.79981 510.000
37.81928 480.000
37.83875 527.000
37.85821 485.000
37.87768 519.000
37.89715 486.000
37.91662 532.000
37.93608 508.000
37.95555 511.000
37.97502 484.000
37.99448 488.000
38.01395 520.000
38.03342 531.000
38.05288 460.000
38.07235 489.000
38.09182 473.000
38.11129 554.000
38.13075 496.000
38.15022 467.000
38.16969 479.000
38.18915 482.000
38.20862 493.000
38.22809 467.000
38.24755 483.000
38.26702 506.000
38.28649 482.000
38.30596 484.000
38.32542 515.000
38.34489 486.000
38.36436 476.000
38.38382 493.000
38.40329 466.000
38.42276 473.000
38.44222 488.000
38.46169 510.000
38.48116 491.000
38.50063 477.000
38.52009 463.000
38.53956 487.000
38.55903 501.000
38.57849 478.000
38.59796 504.000
38.61743 491.000
38.63689 478.000
38.65636 456.000
38.67583 468.000
38.69530 501.000
38.71476 485.000
38.73423 426.000
38.75370 497.000
38.77316 500.000
38.79263 465.000
38.81210 511.000
38.83156 477.000
38.85103 492.000
38.87050 488.000
38.88997 489.000
38.90943 470.000
38.92890 493.000
38.94837 475.000
38.96783 475.000
38.98730 486.000
39.00677 461.000
39.02623 490.000
39.04570 470.000
39.06517 497.000
39.08464 471.000
39.10410 485.000
39.12357 437.000
39.14304 472.000
39.16250 510.000
39.18197 495.000
39.20144 498.000
39.22090 475.000
39.24037 486.000
39.25984 475.000
39.27931 448.000
39.29877 495.000
39.31824 428.000
39.33771 511.000
39.35717 468.000
39.37664 428.000
39.39611 454.000
39.41557 462.000
39.43504 500.000
39.45451 447.000
39.47398 474.000
39.49344 503.000
39.51291 477.000
39.53238 464.000
39.55184 460.000
39.57131 509.000
39.59078 456.000
39.61024 444.000
39.62971 487.000
39.64918 511.000
39.66865 491.000
39.68811 483.000
39.70758 439.000
39.72705 472.000
39.74651 485.000
39.76598 476.000
39.78545 437.000
39.80491 469.000
39.82438 502.000
39.84385 481.000
39.86332 498.000
39.88278 502.000
39.90225 471.000
39.92172 495.000
39.94118 530.000
39.96065 462.000
39.98012 477.000
39.99958 467.000
